2872.484585726401   5319.505638101138
2835.416666666667   5343.653333333334
2877.4312662463003  5359.142136147214
2899.140204179295   5260.999314085181
2943.7366666666667  5274.91   
2940.060192926045   5319.432958199357
4710.418210737756   12003.805040691048
4689.51             12022.585000000001
4724.7925           11967.458333333334
4746.954166666666   12033.41  
4780.219019774975   11980.871926355268
4633.72             12080.143333333333
4588.2861175207945  12084.434458009122
4612.263333333333   12047.003333333334
4661.17             12037.914999999999
5099.657422658405   12689.59594115708
5129.28             12688.15  
5091.261666666666   12725.101666666667
5173.247100371747   12688.122267657993
5133.653333333334   12744.09  
5067.441666666667   12621.293333333333
4475.4211837738985  8816.823253642768
4408.281412070801   8861.91081286711
4429.951666666667   8817.018333333333
5378.6390135141555  9793.27652946394
5450.721666666666   9725.836666666666
5499.273546346093   9730.797899398924
5286.525            9831.145  
5313.4766666666665  9798.77   
4335.333090172033   11502.610708625987
4313.089999999999   11495.598333333333
4271.941567297394   11497.668475544448
4295.53             11453.073333333334
4389.683333333333   11400.246666666666
4451.938741771961   11400.78974199894
4429.806666666666   11446.845 
4240.170495308819   7699.98394603841
4200.176666666666   7734.183333333333
4149.8963916456305  7729.159520557419
4358.028037526915   7616.880550599815
4335.838333333333   7660.5125 
3454.6640969429864  5348.588517463766
3395.8216666666667  5250.545000000001
3376.9              5294.453333333333
3541.7933333333335  5480.81   
3524.5614980219398  7050.020015256479
3510.6725           7110.925000000001
3461.6583412322275  7105.306445497631
4281.8827264514985  10254.538311014883
4288.76             10171.846666666666
4325.072793771002   10272.060835799188
4283.77             10330.36  
3895.297672457644   10679.942191520706
3842.6833333333334  10605.796666666667
3808.3733333333334  10642.333333333332
3863.5116666666668  10661.15  
3885.7880730543175  10604.099204370637
3902.07             10722.33  
5089.658602321404   9386.540813580155
5040.403333333333   9349.246666666666
5071.446666666667   9352.026666666667
5234.039134025484   9240.240412930627
5208.681666666666   9279.574999999999
2720.147971346858   6349.047646801919
2659.7              6372.570000000001
2682.4133333333334  6331.386666666666
2632.1642841503467  6351.1041552122615
2753.4258333333332  6281.559166666667
2802.232526215443   6285.456673021926
5955.020792130148   8740.798980005085
5963.440256410257   8666.289230769231
5882.8934912718205  8700.64753797325
5910.167777777778   8659.364444444444
6000.6237474477775  8738.175508088581
5971.21             8772.193333333333
2655.533138174913   4217.3735459297895
2597.5266189527088  4258.812029353144
2642.7983333333336  4260.785  
2743.5383333333334  4137.723333333332
2783.6133333333332  4150.0633333333335
4442.287690102938   5475.670270008035
4458.536666666667   5519.26   
4478.386577693041   5473.923584366063
4433.29             5465.38   
4391.923333333333   5395.466666666667
4439.792329940063   5402.556329559508
4422.2              5444.87   
3637.2444693702273  4946.234290065244
3466.760723397384   5049.064543839819
3506.2566666666667  5008.433333333333
3506.568333333333   5058.794999999999
3645.82             4941.45   
3686.3536874489255  4931.144065279046
4706.6020419193665  8632.32999741286
4786.556666666667   8566.023333333333
4643.537066115702   8642.679586776858
4664.836666666666   8596.529166666667
3789.2433944277     7412.11049554497
3823.5509837432264  7445.187365568987
3795.71             7493.046666666667
3777.06             7350.173333333333
3811.6734229494396  7362.553128847267
5381.764597867732   11731.889252102003
5397.253333333333   11775.218333333332
5375.083333333333   11720.5   
5327.525            11685.766666666666
5331.176666666667   11648.76  
5365.361666666667   11657.116666666667
5364.741666666667   11701.27  
7008.014782026061   9833.69421605207
6620.168733395054   11354.860501392744
6524.266666666666   11372.710000000001
6536.12             11431.626666666665
6488.307062675398   11424.572123479888
6654.34             11302.84  
6701.935435821993   11309.302692166237
8136.515331827337   13025.141045078635
8272.386486814186   12950.465383449531
8230.439999999999   12961.119999999999
7998.72356468829    13097.863486309492
8028.3975           13068.2275
6920.125232275925   15003.591613190249
6836.069295126211   14915.613678361646
6852.846666666666   14872.140000000001
1984.6242231247015  3441.296975889243
2096.701666666667   3396.8083333333334
2117.3078004073323  3354.502382892057
1980.3666666666666  3465.2966666666666
4605.044525019359   12045.431297798641
4444.333882479206   12162.205541990877
4612.263333333333   12047.003333333334
4661.17             12037.914999999999
4633.72             12080.143333333333
4588.2861175207945  12084.434458009122
5098.544625964947   11337.319084810093
5173.37             11360.361666666666
5205.5216666666665  11407.34  
4743.271500421106   5956.23151969444
4872.650444620327   5885.867083663113
4931.0199999999995  5858.213333333333
4675.099521254643   5995.624742055304
4736.179555379673   5958.912916336887
3352.544316123589   5032.449944118969
3295.4533333333334  5051.8533333333335
3290.4500000000003  5017.176666666666
3351.0899999999997  4994.1    
3383.7633333333333  5019.8533333333335
4254.038145842846   6998.70687851496
4147.578333333334   6970.836666666667
4165.026666666667   7024.865  
4119.1112957080595  7017.902159267193
4280.21             6899.373333333333
4327.675474060823   6905.718175313059
7334.651895783958   10369.859598754905
5171.95905952109    8507.871383056976
5288.283333333334   8444.5    
5338.480554103503   8448.903538944067
5133.4400000000005  8559.663333333332
5152.764999999999   8517.246666666668
2298.9989288182696  6939.341579863802
2193.27             6978.183333333333
2163.93             7012.0199999999995
2436.06             6858.0    
2473.223792413634   6845.043649303685
3580.898399814265   4785.271817835048
3581.648527607362   4764.346559697971
3549.869775280899   4817.224269662921
3596.3358333333335  4831.335  
3623.425            4804.1833333333325
3527.9848423707435  4636.7839911727615
3558.101472392638   4701.473440302029
4579.698884581798   7494.538042212836
4360.653781925328   6703.0699705267325
4342.403333333334   6687.51   
4318.465327667189   6732.240532319392
4531.09             6585.3533333333335
2583.6099130419316  7715.390010597184
2690.9853854918347  7610.463562476262
2620.380833333333   7770.195000000001
2571.678503889886   7764.788647516457
3869.8954772984143  5382.451837328263
3920.1433333333334  5449.706666666667
3942.7955798708185  5406.39871589704
3858.8325           5335.844166666667
3907.7076548267387  5341.195452310955
4549.791722642607   7706.575835910626
4585.8              7795.373333333334
6737.338562827907   14248.325777183287
6739.973333333333   14261.683333333332
6715.41             14242.75  
6724.185            14218.616666666667
6782.991666666667   14329.23  
6738.46             14321.003333333334
6750.576666666667   14281.796666666667
